Fall 2
C:\Users\ByfyX1\Dropbox\Exjobb\V1.3\Win32\Cases\Referens9112\Libraryfile.txt
2   11
0
NorthWall
1 1 1 0 1
   3.500   3.000   0.000   0.000   0.000   0.000 90 180 0.000   3.500   0.000
70 70 87 87
EastWall
3 1 1 0 1
   5.000   3.000   1.125   2.250   1.875   2.750 90 90 5.000   3.500   0.000
70 70 87 87
6 1 0
SouthWall
1 1 1 2 1
   3.500   3.000   0.000   0.000   0.000   0.000 90 0 5.000   0.000   0.000
70 70 87 87
WestWall
3 1 1 0 1
   5.000   3.000   1.000   1.750   2.000   3.250 90 270 0.000   0.000   0.000
70 70 87 87
6 1 0
Roof
1 1 2 0 1
   3.500   5.000   0.000   0.000   0.000   0.000 0 0 5.000   0.000   3.000
70 70 87 87
Floor
1 1 3 -1 1
   3.500   5.000   0.000   0.000   0.000   0.000 180 0 0.000   0.000   0.000
0 70 87 87
South6
1 6 1 0 2
   3.500   3.000   0.000   0.000   0.000   0.000 90 0 5.500   0.000   0.000
0
South7
1 6 1 0 2
   0.500   3.000   0.000   0.000   0.000   0.000 90 90 5.500   3.500   0.000
0
South8
1 6 1 0 2
   0.500   3.000   0.000   0.000   0.000   0.000 90 270 5.000   0.000   0.000
0
South9
1 6 1 0 2
   3.500   0.500   0.000   0.000   0.000   0.000 0 0 5.500   0.000   3.000
0
South10
1 1 1 -1 2
   3.500   0.500   0.000   0.000   0.000   0.000 180 0 5.000   0.000   0.000
0 90 0 90
 
#1
 0
 59.35
 1995 1 1
 1995 12 31
 
#2
 2 0 0 15
 C:\Users\ByfyX1\Dropbox\Exjobb\V1.3\Win32\Climate\StockholmW(SE).cli
 1
 20
 1.87 15 -1  2.00000000000000E+0001
 0
 HVAC-Schema
   1 100000000000000000000.0 0
   1
     1 1 31 12
     1
       1 24 0.00 100000000000000000000.0 20 0 1000 300
   1 0.0 0
   1
     1 1 31 12
     1
       1 24 0.00 0.0 20 0 1000 0
 2
   0 1 13.00
   1 0 13.00
